0.39599176964432803
0.7071510904914825
0.9051809514300803
0.8944137743243696
0.7345762500805206
0.896745891075566
0.9298432460566421
0.9419775327381336
0.29896402404814715
0.29464458736523336
0.20271645462435972
0.9107774668045878
0.645514921397954
0.7487590435584875
0.9658378376625276
0.22130376000595742
0.8678637567219138
0.7316291233875921
0.7622498116988862
0.9003341149631233
0.8539339354690446
0.21829430448275156
0.687680536257969
0.5062259208820309
0.03322561906225985
0.21976736714712064
0.41277094533181957
0.412580393095321
0.7467544842040296
0.930014415900232
0.2290834028396772
0.12775539253916923
0.7763130091437158
0.574281335154945
0.44795504078804194
0.2562380013799488
0.9761820834290708
0.4011477068722308
0.31319801330920105
0.6222782618655327
0.092145376203142
0.02649472612810344
0.834102668918122
0.44578628330142467
0.26989600640544387
0.0022791214059416642
0.8425298643944159
0.49062596993421737
0.42677096252480684
0.7187738187074436
0.9531295016797966
0.6844629754452211
0.01967894083365107
0.31564354437466713
0.5768119907297473
0.5925000806662621
0.12435891636012353
0.925234709003729
0.554930740368128
0.6974720404203636
0.9710501261434934
0.39489169556087766
0.7347000858626526
0.5538399368791582
0.2637249945809629
0.5316147114115467
0.38625252558604073
0.24016976304558324
0.439555032017107
0.6923884642867225
0.9825883080101954
0.2711145497881178
0.19664178554805467
0.8110984796884018
0.7123038742504789
0.7988177711063325
0.34374177706792886
0.17306059818872788
0.12693151744791764
0.20908749633629242
0.957531695414664
0.7633977969205052
0.10453078433464436
0.19616249197490965
0.040609685061654854
0.4964040302266661
0.2110744950420007
0.0905654772097082
0.8934622902564584
0.2582559737561113
0.014606088485300428
0.12298427796846378
0.2808118968797707
0.2995915839455612
0.6031986475962163
0.6940801269494787
0.2579835529663804
0.9562626847339666
0.9688934096474556
0.011244139932925279
0.7764263795585991
0.1870287269278199
0.38453166151450047
0.3345445570718458
0.917451184950994
0.9178760213003359
0.2219620953909679
0.12972993894500873
0.3738096755881162
0.5741025657292188
0.0731651535837956
0.6926484776802696
0.8758889474241007
0.4846572754373113
0.4081364407806771
0.4650963052307444
0.5512474756227725
0.6472834332604863
0.46030644107242136
0.6749427490662858
0.31880892060738564
0.23546788109854433
0.6990379320875555
0.4252352984711265
0.044352987694995294
0.4340578289556888
0.6112672926475511
0.9434271983118359
0.8687719270714461
0.4837030676310813
0.4717932026833731
0.06626931552406079
0.36665749241292855
0.8398580825275456
0.8987112947113077
0.4321916194355987
0.9462984268722842
0.2798769691040628
0.7046084415682722
0.23161156315240405
0.6443542423038979
0.6620358589476388
0.12368037686541233
0.6294900576108282
0.1794299211951682
0.5611783656307159
0.4435460904616738
0.6552172021866611
0.47194052084781624
0.15319827964000665
0.17866065947318466
0.39818585374666704
0.6241546621888373
0.9062376697914939
0.8939362682782659
0.8219339242612365
0.9800119875153153
0.7016851658726275
0.37162195154566113
0.3519732947888954
0.911189446448714
0.2211938613551826
0.9001010112229165
0.5732626020099307
0.49947735536930793
0.5170327884926434
0.8936387213325717
0.8761467984483816
0.06820109704888278
0.7246318614115003
0.07228952116318965
0.9523527674456023
0.721686991087939
0.4403317188624204
0.1679692443298979
0.49219149287383934
0.14278152136344713
0.3671252962634425
0.8950811505623797
0.5253535123213099
0.292055924946269
0.8242872730763309
0.14907027731979794
0.5574088007540706
0.34633890778514453
0.03367557356654305
0.8862010474730703
0.32650418457960906
0.45282465301720154
0.09785831397748723
0.08965129636994129
0.9090921156739861
0.8718046339870923
0.4295147950732435
0.6992053445580487
0.10058499907422458
0.25376491150059277
0.21278549124178958
0.38942429791822575
0.4692074876571364
0.7183690628064132
0.36882307469948816
0.8882847181332691
0.5402357960010215
0.8951985444711414
0.6018090847249596
0.5376591123276457
0.5517616712508103
0.8487738668299114
0.6591704365255457
0.811880690701796
0.07014318947981868
0.20578210620114112
0.4577971700394091
0.8101621946462816
0.15882719555272007
0.9967414956176862
0.7331756327668953
0.688004254195465
0.2939564275465296
0.26173720775917453
0.014607730142392694
0.7833493051271532
0.6929755045323249
0.2210759772005546
0.09254327498683412
0.9375146502969869
0.6294858196169049
0.7233311026332911
0.16828854810881677
0.7126607609493836
0.9476503552743472
0.9019710591650077
0.6786655333277165
0.06658133492466711
0.028363784582122853
0.5765879060196015
0.4476143652738708
0.9573378532363287
0.1182182767137614
0.1300383908148025
0.19089835678991118
0.901084023327063
0.8561548655600413
0.5341244490870752
0.6018693223121985
0.06712562092509444
0.5145173729325215
0.6461579860269983
0.145155692537682
0.08383014415189649
0.5693080774250011
0.38551584599978517
0.601849924630061
0.7295103511319545
0.7077400156447653
0.4368254415063626
0.484899178375521
0.9963626008963017
0.6276586451009719
0.2326482490012597
0.4984254780365599
0.9887470144626639
0.5291783787234488
0.14502042453137443
0.15073852702448687
0.36502276023642355
0.5914526019706856
0.16342552932561627
0.02490721511714289
0.6760639765946931
0.5303433047475907
0.437161533466487
0.006078370856698823
0.3506445942516343
0.6757847175639307
0.6218312583505076
0.23874823092532094
0.20893005032299083
0.9712647882603277
0.7676377878138293
0.22089407238070213
0.8242422568548481
0.6512519959406404
0.7565453519204655
0.6138164212042538
0.7627999914448319
0.642190530768366
0.40267253382033985
0.793947345633354
0.0618920745863375
0.12321210201585653
0.7458333032128168
0.6169852261579534
0.7892834165682985
0.9268293196156501
0.5578979462883631
0.519361688651002
0.8302721064944184
0.8129565145854993
0.5432249634267419
0.95752947753717
0.2506620247867093
0.08591403855784197
0.8980129834732798
0.9394400583947611
0.4186412510736003
0.06782341673480863
0.5296071250590032
0.5333821803181301
0.7956728573899831
0.5458548817756018
0.6612921991403959
0.15431795186266073
0.8126937233269882
0.9733894510267521
0.6654370455866493
0.0491206477079027
0.7280133856233192
0.30017902389250617
0.438970280442072
0.520441111559786
0.5402996753432608
0.25166098669072656
0.08748626681776717
0.8454069952838358
0.5170940618209696
0.8329873064691252
0.6007954920880071
0.5114265320391098
0.16802605842604768
0.0325179017979067
0.8369728131359537
0.5900682424197428
0.5081923693087528
0.32446289819343077
0.8423640940268687
0.05020413899508058
0.8934466618317706
0.7962931849445506
0.22944652568512947
0.8651589922998231
0.9291111415252689
0.7722290947299139
0.8373480184713955
0.5315986446172709
0.0746230713921543
0.36220877572685195
0.027461476914243943
0.1581755716858151
0.23398221239127381
0.9750899985853037
0.9816405207086851
0.2724204366272026
0.1810463108140553
0.285455020033777
0.41536205170009044
0.6728964828927917
0.998034071136424
0.5076650278726822
0.34094841314649404
0.22712232240412056
0.29890703232939164
0.1735524203367269
0.6817737916476726
0.5234243443771347
0.5459703833191764
0.5450073569653974
0.9931795496801287
0.7741579753757443
0.3422848014657879
0.6692173297075744
0.2325181444322013
0.24733075604567856
0.9104166430840362
0.28153487459308635
0.6925730421330702
0.9424388858078303
0.91208916955655
0.4910102534117826
0.5073508315880997
0.8748031290093394
0.605819473937174
0.42975802928098616
0.6427715879682413
0.2717164279450742
0.6386576259462511
0.8298062552889965
0.18058885348115372
0.3055692069653202
0.09686662920106304
0.047612126708860836
0.23727074200241371
0.19404781415037797
0.20337137719677656
0.10464928965885711
0.2985109184005894
0.9316486417079505
0.42252071270844105
0.2678772525488564
0.8174131429350299
0.35328894869876926
0.21347404238202117
0.8142226792185163
0.3407480248319401
0.2859936098960373
0.9458010472338682
0.710219075526348
0.728149465740854
0.610952031663842
0.25644999511233413
0.08045381049730815
0.8502290007851683
0.12267228121656604
0.5398155987385899
0.022981884461105162
0.03706082903366581
0.5584595383964217
0.8028030651133057
0.4966529266699984
0.39645228410902245
0.9923676292522234
0.21768695129523408
0.4003307029026951
0.04311636304359723
0.2212618019574587
0.1554414575512233
0.4339525806960939
0.9627087347649854
0.33482537834662773
0.7624568355575755
0.680602319509872
0.46221632277384683
0.24526853378389357
0.03979892084353498
0.6638103721203572
0.2349142053056711
0.023921672008864303
0.6884425522300828
0.243548522830229
0.24603601440135858
0.34625960058383787
0.9961479310121973
0.04052347265709211
0.6539124529532381
0.37939478298846097
0.8184038878161155
0.9324666870500162
0.5213529933583094
0.02349985211255856
0.01418560658660728
0.9126069944637432
0.8050634483041201
0.1433930808031697
0.9099189064006782
0.6756930382787344
0.0704836716384909
0.3571827411794539
0.5890823085792696
0.849834758713292
0.5382365928659327
0.32759784908290257
0.17429931923532993
0.8406631265502027
0.6325071083792655
0.6844037142375694
0.4747657061458691
0.01922890713171288
0.8205603605160656
0.18215806761754738
0.6287113144546572
0.2146312190594618
0.688754286949227
0.5204362631947298
0.48777633833015466
0.2049730363499721
0.862243550608093
0.32853480317503336
0.7860132988806361
0.38745412807284985
0.15620783260479398
0.5640261357231081
0.5287355102689792
0.7935575368275288
0.5680983857086117
0.03030378745831752
0.6278841253607126
0.9585765359616688
0.4224784630881604
0.6964118937969197
0.6152715127076005
0.07412321728726046
0.8276286148754344
0.2747103124720901
0.5713523032675377
0.6934232557861287
0.48326560296026466
0.18908820809194304
0.40001939999872504
0.853029082426092
0.12860501455662665
0.21661101446483377
0.1337345037186234
0.13701659762428398
0.4047903994356463
0.33177331134927857
0.7298904440836028
0.44372169034381037
0.4200414334564393
0.2872807942082135
0.4432986147798078
0.7462230830580598
0.8417141572024692
0.28897634685071627
0.9978864277065348
0.9538794869103904
0.585516248590057
0.991629888854414
0.003299556490619193
0.7426545959550132
0.7686913390842481
0.8619964779965875
0.30948299362927834
0.27067481656637893
0.2854750477595117
0.6179593898051055
0.14048618580590932
0.2572133668881319
0.5795127176883195
0.2420964139819498
0.2372028445482256
0.9050827345942496
0.45303273813800304
0.7695448586342881
0.8972063833901701
0.30224877133569117
0.9161678503962875
0.2656281375752474
0.10354132570873353
0.5681613837026516
0.06147417670076305
0.6919795325785884
0.5517937957233097
0.44309178698376894
0.4480654738500742
0.5042898433184752
0.5206827013383319
0.26435188568946455
0.38683785524564607
0.19259326815070799
0.3037331057810877
0.38562917559797427
0.5832004333116731
0.6820123418672706
0.15578603826445048
0.46871864602906754
0.01966127689263264
0.025849511547105908
0.083101816885774
0.3760462927753031
0.8681440130269648
0.44429473844254774
0.5169163911310808
0.3441435489135295
0.6556922165249273
0.3724827504472561
0.3372068338251816
0.12622125618426938
0.04400366034548142
0.6664126557206576
0.6155799245332778
0.8658883647345613
0.5635821015878933
0.41037730629602853
0.6906989365717978
0.3424485981275408
0.9989898799266836
0.883965306236853
0.07532614544207772
0.6161507576179532
0.10167683299687891
0.9695813728009978
0.6392542287318506
0.2966649513284869
0.15851113339045153
0.6340714334439896
0.955262336850197
0.38278018325173935
0.681395941128586
0.43466453965750385
0.013709890407981984
0.22478463670876125
0.7435734586006197
0.6559841515519538
0.692551722301447
0.36860182240678363
0.5541267919130161
0.6095618129061755
0.991916532026108
0.9702748948242926
0.17613540493726543
0.6145421274346538
0.17800383520307383
0.3735231030505387
0.6329394547624807
0.21624058837770443
0.32800208217349947
0.19432825475980997
0.3043973692217179
0.21543773465505522
0.6765620546223473
0.9404833376178423
0.0958160521893453
0.27400602946763797
0.5100261283086518
0.46315766429298477
0.5961078596458486
0.4372325642879794
0.030106064810002997
0.6897990813355391
0.6037689889823792
0.5807364116256113
0.3766364084430137
0.19240323874804954
0.9542566722019218
0.9164085721819167
0.225949609060192
0.580459538715439
0.775147616245221
0.6133893151357399
0.6442443794759792
0.5573100439263209
0.799316290490176
0.0916163027538256
0.4955020626371588
0.7439205851356026
0.9305327781236001
0.7137848566640745
0.8986048615239253
0.061263354454417995
0.19879524746484067
0.9945216559238675
0.21369489521429152
0.7492889490140094
0.4423344239907421
0.6539412581885287
0.5691732524830994
0.486994953958107
0.7274395374457646
0.8252206526959368
0.5171369729306479
0.42916431703026314
0.419369795258979
0.17732326648631458
0.4870107737388558
0.2345384044288089
0.866213370254088
0.1122695344845479
0.5940404841099453
0.7973625374013882
0.12490933552826988
0.7195859392668547
0.6400108512600412
0.4583738018822594
0.22756149178306795
0.9753333682195692
0.7693486555537566
0.8305842636217504
0.2315056636006736
0.6134186084690376
0.10567610167477637
0.8894519942783663
0.3609078755414512
0.1211140001908022
0.7503862420467138
0.0997188585844957
0.20126518754722544
0.7550885587444718
0.5272259640263426
0.0031453167015719208
0.36117082478627216
0.7066463549648792
0.27417598774064367
0.4519246654575907
0.5844424452961372
0.060214981820943425
0.658303780960469
0.4441181669622981
0.8156879959312398
0.6220970977575723
0.04391748086788094
0.5217896030116395
0.8467843069857257
0.9541115583277865
0.09052773497238231
0.7307276153045148
0.4316970656945279
0.8228239088828542
0.01654158803342809
0.7655596391673659
0.6609442889764183
0.018532154566051062
0.033576660047107354
0.13026407079328783
0.6375999213371568
0.21454950591280142
0.4580361355505367
0.3338962667668456
0.21384674948873716
0.15402812245944997
0.49919049413625605
0.7368856240452678
0.9005706292124304
0.5937704781728471
0.05262148032201508
0.14100758502795518
0.7075389865659937
0.2326370071722842
0.08223285050901508
0.83981578330144
0.4950958354621069
0.04980542365870888
0.35197415591323855
0.1910472366575785
0.4578220854696362
0.9923199288565413
0.9956169031298805
0.88264673962486
0.07910741197240767
0.24052233181128602
0.6569824725850282
0.04910630443501374
0.328145817861492
0.5739690619639367
0.6383440314046326
0.08117811115709261
0.5113084723622816
0.8557289441213278
0.7347047338994633
0.7074914322016923
0.9986449358834235
0.0688239971207476
0.20027983797166227
0.17815968801789273
0.7776453845437985
0.871381041847431
0.03972832449323771
0.7841737165889351
0.2479589681942832
0.4739844875597127
0.7934616041002679
0.8563634548582036
0.18975508417418574
0.6432551956438824
0.5509774019148321
0.6813949485298922
0.7575008440862141
0.5759975470272747
0.8135732096431563
0.31798323059544775
0.27451065716084566
0.8315049201359759
0.4004992696317411
0.04921827855022609
0.9457448428719716
0.11876443657647695
0.4567093008161849
0.14243428906487543
0.19700207222451283
0.0326829638734093
0.9941417429012662
0.8238908356924508
0.993551658094808
0.6110767321110194
0.6002587903144077
0.19749403786429587
0.5062743832565937
0.6496433049814554
0.754859268423665
0.40922765761321334
0.3373275004380726
0.867645820879963
0.15083848443093406
0.36573249831962706
0.8025199890269374
0.08832045583501824
0.05986414912460247
0.24084348738383043
0.8614031753070927
0.5128494763449777
0.9687034035824673
0.5444492540298979
0.31736861831220686
0.46137260873469144
0.8020271659758724
0.9406225674951303
0.94374775399834
0.5174930171111963
0.07201203032723058
0.02623839340821643
0.1478926891738478
0.7285140192649562
0.7731383109854354
0.5529904013938496
0.26272845917445575
0.7776065677775587
0.5889170660710665
0.4776018450801439
0.38971237635999845
0.46874006234460297
0.6475366142462939
0.8090864842774755
0.6042034766428088
0.6388149252083466
0.12612417846379465
0.9061394489772897
0.9188763765063094
0.9137083718686883
0.15118847523645496
0.6743032911145285
0.10064142714088575
0.689934490253967
0.3478984026571983
0.4648038208374634
0.9971569795711206
0.15200009475254295
0.6537144103672794
0.9985422398576597
0.7687022866816627
0.9542732631174682
0.2996469664323115
0.3474147541764959
0.11713210412619479
0.3707945955775672
0.791086375353348
0.5370448642936865
0.27564904845273663
0.36844493025467384
0.7276299766025175
0.9212193781758345
0.5632806793838543
0.6993420223407039
0.19417006836572803
0.48474443878833695
0.24330415116514603
0.4302198513488448
0.6102195300034168
0.6961641373229503
0.8844948108647398
0.1888136897095568
0.03965587763351974
0.6308206086165508
0.9588536539813298
0.8087364727977121
0.6275098470677457
0.7275030844585966
0.08215187165366833
0.833647907448474
0.6059635620962789
0.07004212424346379
0.32443423932630866
0.5543798542767379
0.8794780865704237
0.9447919482498602
0.24067050097939935
0.7761987507246041
0.6816556347226453
0.9678194861600747
0.8180376587386421
0.9698487549623306
0.5679282747099081
0.04277296168256339
0.1879649995114373
0.35761306849475705
0.1370261462031439
0.1933378803144422
0.06711823682903817
0.9102976884446196
0.7675182498740024
0.8152637169520163
0.8652026929570668
0.3708655535899368
0.0496671949854226
0.024085230375646804
0.3977142227257082
0.3959504054905565
0.13833368184637918
0.2911430884347683
0.7782692412167774
0.30296517632621145
0.0013802924742724043
0.12442976222804458
0.20403038527731332
0.860763505774687
0.016790930338323573
0.8806063088693505
0.7885743913957065
0.25762433900801385
0.7191002118919708
0.06870098556419058
0.3581831917064833
0.002630720738742265
0.9262080787621343
0.8567282574845234
0.09072810054844127
0.4442879623736532
0.9064180066455569
0.7270267087399931
0.8166102254784857
0.34687166889790155
0.9030017696832245
0.8896865241937391
0.013598302798568107
0.7659766248058063
0.808145552079919
0.5655876725988985
0.47619342912820817
0.31150402504426034
0.45721523142461107
0.11691116250613687
0.12348110913515598
0.3031337051052949
0.6746158520680136
0.7496627783026081
0.5969116894707085
0.027114952533078718
0.5489941581128105
0.119777758945106
0.8820598648356953
0.781891194540766
0.12922769809770907
0.9884256132364495
0.7106009723882838
0.5874131882994624
0.3638059400269923
0.1664079197063849
0.8716738308535631
0.14587883849391992
0.9390801487172726
0.6262297682829664
0.3555713442295865
0.263111602681104
0.2112220936089486
0.45787801325376776
0.9205667124124018
0.5585181309483284
0.447737247700837
0.461500089366509
0.8530588465949864
0.9577081215532701
0.1218618533151441
0.5125593595488251
0.46021504593725704
0.00783536473208224
0.17060855783924656
0.6501256780120026
0.6944047227097417
0.4706922206946288
0.07187464621198048
0.5481944082959076
0.7651503660769412
0.685606198753544
0.4507024139185718
0.8092284190698148
0.48865349885424025
0.46181687317315445
0.9519174123909255
0.6817608872917102
0.5643261998413861
0.5729738949362458
0.0016249235911747206
0.23054581036033128
0.15511906727306635
0.5671127877349397
0.6347216210392247
0.6430228171792715
0.8465063218806486
0.6510324295389978
0.6993728390246451
0.7565875912571226
0.8798016277440612
0.08074147909245244
0.216168553311322
0.559037405970745
0.23177113485660383
0.6260195388609008
0.69902192462735
0.9438265072782983
0.9361051384009602
0.563690549231479
0.7367061880603669
0.37912598652015583
0.16799672532577403
0.6037849174967042
0.13088549206200562
0.3333802874325478
0.922993510084739
0.06853367079350325
0.7371479862534922
0.7771758565307739